#
#
#  Percent Identity  Matrix - created by Clustal2.1 
#
#

     1: Rv0380c_MTB  100.00   22.45   15.15   29.27   18.64   23.86   18.67   18.18   11.24   14.89   19.80   15.85   14.29   14.04   22.37   13.79   12.73   17.95   22.61   26.26
     2: Rv0881_MTB    22.45  100.00   20.75   18.75   23.91   24.55   18.97   18.97   17.82    8.57   17.79   17.57   17.68   19.51   25.00   17.86   15.45   16.67   17.32   30.86
     3: Rv1407_MTB    15.15   20.75  100.00   25.69   30.83   17.17   27.97   19.42   20.54   12.28   18.18   22.81   21.43   22.09   20.88   30.00   28.07    7.81   18.26   26.28
     4: Rv2689c_MTB   29.27   18.75   25.69  100.00   19.61   18.44   23.16   10.99   15.74   14.91   16.67   16.51   16.46   21.92   20.55   20.54   18.37   14.77   17.92   16.19
     5: Rv2966c_MTB   18.64   23.91   30.83   19.61  100.00   19.79   22.88   24.00   22.47    8.89   18.03   17.39   18.48   17.31   18.42   31.15   17.39   20.00   19.57   20.91
     6: Rv3579c_MTB   23.86   24.55   17.17   18.44   19.79  100.00   17.24   16.28   22.99   19.79   17.86   16.31   13.56   22.45   27.72   17.14   15.45    9.80   21.12   28.57
     7: erm_37__MTB   18.67   18.97   27.97   23.16   22.88   17.24  100.00   16.67   28.57   12.36   16.07   28.30   13.25   14.58   17.95   23.23   29.58    9.09   31.03   18.52
     8: ksgA_MTB      18.18   18.97   19.42   10.99   24.00   16.28   16.67  100.00   16.82   11.40   11.46   15.32   13.33   19.23   14.29   18.46   19.89    9.30   22.78   14.75
     9: rlmN_MTB      11.24   17.82   20.54   15.74   22.47   22.99   28.57   16.82  100.00   32.73   13.86   16.30   15.38   13.70   17.91   21.51   16.79   16.07   22.43   16.67
    10: rlmN_saur     14.89    8.57   12.28   14.91    8.89   19.79   12.36   11.40   32.73  100.00   12.04   11.22   10.78    9.33   10.67   13.54   11.43   16.67   14.02    9.43
    11: rsmE_MTB      19.80   17.79   18.18   16.67   18.03   17.86   16.07   11.46   13.86   12.04  100.00   15.04   13.46   20.59   23.13   17.92   15.84   17.50   14.89   23.08
    12: rsmG_MTB      15.85   17.57   22.81   16.51   17.39   16.31   28.30   15.32   16.30   11.22   15.04  100.00   20.43   12.28   10.47   20.35   16.82   16.67   17.69   20.77
    13: rsmH_MTB      14.29   17.68   21.43   16.46   18.48   13.56   13.25   13.33   15.38   10.78   13.46   20.43  100.00    9.62   12.90   18.60   10.62    8.89   16.22   25.00
    14: rsmI_MTB      14.04   19.51   22.09   21.92   17.31   22.45   14.58   19.23   13.70    9.33   20.59   12.28    9.62  100.00   16.39   19.05    8.82   13.12    8.82   19.75
    15: spoU_MTB      22.37   25.00   20.88   20.55   18.42   27.72   17.95   14.29   17.91   10.67   23.13   10.47   12.90   16.39  100.00   10.81   13.16   10.34   12.68   22.77
    16: tlyA_MTB      13.79   17.86   30.00   20.54   31.15   17.14   23.23   18.46   21.51   13.54   17.92   20.35   18.60   19.05   10.81  100.00   21.98   10.64   21.79   25.24
    17: trmB_MTB      12.73   15.45   28.07   18.37   17.39   15.45   29.58   19.89   16.79   11.43   15.84   16.82   10.62    8.82   13.16   21.98  100.00   13.46   19.35   16.33
    18: trmD_MTB      17.95   16.67    7.81   14.77   20.00    9.80    9.09    9.30   16.07   16.67   17.50   16.67    8.89   13.12   10.34   10.64   13.46  100.00   18.60   12.50
    19: trmI_MTB      22.61   17.32   18.26   17.92   19.57   21.12   31.03   22.78   22.43   14.02   14.89   17.69   16.22    8.82   12.68   21.79   19.35   18.60  100.00   15.27
    20: tsnR_MTB      26.26   30.86   26.28   16.19   20.91   28.57   18.52   14.75   16.67    9.43   23.08   20.77   25.00   19.75   22.77   25.24   16.33   12.50   15.27  100.00
